5077
3889
7555
3258
5672
8544
8752
6041
5422
7534
7505
8857
9018
7903
4669
6251
4321
9447
6713
1485
2798
4709
3935
5248
2197
6512
1294
6548
9572
2189
8298
2786
6933
2554
4436
2693
7936
3882
6724
7558
4621
334
4866
6787
1640
6620
3717
1644
1661
3566
3683
4265
2659
1241
7030
5291
2085
1384
9360
1086
7851
6117
3909
6055
4103
3652
903
2816
4779
5740
8207
1549
6184
3315
5863
7114
7858
69
9493
7203
8607
5216
2033
7519
1470
3966
8887
5882
244
368
3544
9678
9265
580
3563
7037
4865
8435
9201
2046
8223
3850
870
2641
420
7058
2163
9617
189
638
6769
4805
7067
7745
6936
4386
9443
9737
2725
4465
7126
4444
1338
4600
1867
9325
6095
1480
4391
1595
6390
163
5103
2439
6540
6839
7492
8207
6875
2572
4158
6620
6605
1670
8084
868
8892
150
390
4061
7684
9763
382
5919
137
801
2427
4997
4037
5356
3949
9360
7530
8867
9199
8343
1301
7923
8365
7438
9859
7023
471
4066
5790
3705
30
6351
6256
4768
9948
7438
2633
9942
6240
7087
7867
8956
4262
2446
8145
4892
6373
4501
3136
4370
5730
1086
4950
6409
5027
3251
3583
9678
4893
9781
7319
4099
3166
3269
5785
7394
8023
6465
5782
8827
5665
4798
8706
4412
6369
6671
4824
1949
5990
6432
1789
3973
6142
273
9746
3020
489
3794
9715
5053
9397
7016
6572
8167
7800
7513
2892
2290
4204
4793
6145
9193
2021
210
4115
887
1230
1785
7325
9266
6818
1859
8901
1151
7014
7652
1101
1888
3475
7215
8146
9889
193
8527
6770
5339
6927
6288
5195
370
8336
1691
1742
9634
9871
5389
3553
9105
6643
979
5508
9168
7933
3235
6172
5444
334
2842
6747
4619
2070
862
8513
461
4343
3407
7292
6449
4360
3199
5098
1064
7701
1402
591
5802
9060
4964
370
7484
7970
4670
7362
5787
7932
9525
3430
5448
4122
4679
7841
5967
3685
9138
7796
3109
5818
7627
5998
877
7334
8456
2831
2775
2081
923
1034
6871
6023
9355
3864
477
6305
720
969
5334
7491
8539
1158
7551
9006
8928
4898
2145
9653
3729
5823
6717
9325
5528
3340
8996
3662
3200
2028
8116
9062
3168
3202
2955
637
9270
2872
7193
3411
5420
7423
710
5621
1466
1889
9533
2446
7960
7426
5332
602
8013
4277
169
6422
553
1419
9050
2419
4347
9686
1265
6282
9504
6987
7642
4761
3673
7286
2131
7035
5719
2168
639
6726
9910
4043
5318
7966
1395
4870
2573
9975
1147
9835
1885
3720
9634
1310
8403
1066
1917
5697
228
4047
9420
8458
5946
784
1719
5686
9039
5839
2228
5654
1252
411
9714
7336
2015
2978
6822
2065
2768
1297
6207
9862
8798
7158
5880
6969
2866
3398
3113
2288
1215
5579
2282
9122
7613
1045
3574
3611
6753
1042
4280
3247
4906
6680
6356
6987
7979
7022
4308
2359
2512
5211
7181
3303
3759
8374
1390
1185
6748
7452
645
3993
6040
6001
9998
7287
8311
909
8968
7946
3693
2151
9542
9030
629
3888
3471
8681
462
5894
3570
9020
1922
3913
969
4965
3331
651
1897
9865
37
3424
756
1982
6226
4356
683
6862
9950
3532
7219
2887
5288
1300
5554
9680
8969
200
2006
2198
9820
7134
1411
4997
9306
6433
9047
6738
8608
4393
7884
6613
3728
1541
1593
5412
2833
7082
8789
8122
6164
9221
6873
8374
868
4364
4065
5072
361
2387
6287
8630
5881
4107
59
277
283
5636
2379
1395
8986
6643
3067
9161
6626
1711
2362
9711
3002
7206
2577
2399
8701
9324
4112
8219
791
1635
934
2602
601
966
3276
5325
4649
5903
111
3824
5882
2569
2345
6988
2739
127
299
2570
6766
7715
105
5650
4095
3243
5346
2385
5327
4582
8890
2585
1268
4333
2485
4466
6191
4308
3346
9822
6225
5967
4498
3115
7658
6161
1269
7329
3264
6336
3759
9691
1609
2229
2555
7122
8086
3823
3068
9877
2268
711
7132
8405
8479
6078
5539
8781
4076
3682
6134
702
3876
1951
6249
4728
8273
1091
2610
9558
1174
1786
7756
1104
967
8280
9684
5107
1778
9173
7540
8318
4664
3170
2554
9427
9452
9386
8484
2718
4919
1043
7770
945
5398
9700
8903
9709
5441
1137
4405
9550
9352
2913
997
7854
3291
2352
6728
3177
1862
5761
653
9136
2248
8091
6296
1623
463
9829
2379
3129
5218
1276
3331
1979
9147
4000
7201
9982
9454
7855
4131
5358
1978
4953
2751
3527
107
9459
507
6360
2985
5911
412
8287
5040
9688
7945
4580
7613
627
7692
8242
2146
1648
5125
7408
4119
7929
9482
4125
3261
4754
3294
7546
3936
7702
956
1969
8392
7970
2497
7075
9820
8682
4420
9424
5092
6650
7203
1775
9513
9496
6475
494
4539
7732
9843
7427
1310
9905
6710
560
3282
3261
6971
1205
6766
1612
1283
4336
1113
3715
3566
3487
1220
8560
7002
3494
7
7607
5993
6956
262
4984
9229
432
9168
7356
8851
3865
5221
3933
7802
6443
1969
421
3070
8517
536
3471
4485
6247
2048
9370
5462
336
4726
5404
7441
6854
5470
2995
6622
8463
6426
8711
6390
9996
2358
891
984
502
6766
8370
633
1264
157
7566
315
9340
4963
5251
2009
8873
530
9338
5596
7722
437
3026
7261
402
1052
8562
3224
7772
1593
4393
8025
4983
9713
3477
245
8478
2687
706
2055
7925
3867
2475
4886
5999
6450
524
9888
4717
610
5464
598
9665
660
7270
3091
8048
7047
9062
5465
8806
1157
2770
5578
4996
6468
623
9664
6980
11
755
889
6749
1838
9808
8611
5154
5321
2414
3600
5428
2709
8232
4918
5896
4457
3660
7878
9027
5521
8054
4726
6882
3875
2374
8045
9191
6900
4925
3819
909
9718
9975
9107
4268
220
8675
6630
5752
5196
1822
1212
1620
9823
1500
2673
5444
6072
6312
6618
3072
1326
4228
6195
3828
6472
5257
8439
9252
7188
7106
7275
5581
4516
964
327
4823
6230
4821
3090
8534
2815
8814
2073
1072
7971
6379
7371
4265
8259
63
9492
378
6515
9380
5188
4624
5703
2336
4684
992
8153
1699
52
2056
2298
8493
8524
8001
1555
8204
4429
9856
7046
8195
9210
3516
7558
9575
281
3723
1392
3859
5992
7253
2004
7387
3981
217
4548
7213
4447
7774
5095
8115
3594
449
2634
4485
7555
6062
6725
6812
6089
9770
6582
9873
7268
9229
7212
8052
333
541
9217
8313
5513
3733
1700
2108
7330
9972
7619
2325
7108
6082
2098
8935
817
9278
2730
6178
6450
850
2401
1528
3307
4424
9649
8941
7802
4198
2056
999
1723
996
3100
869
5291
5935
2937
3596
5927
8533
7048
7341
5072
9393
1549
1826
1373
6433
8173
1991
9981
8930
6106
3605
3448
6365
4989
2313
1056
2747
1887
804
8585
484
7508
3243
1154
3205
8548
3231
4768
9616
6775
2455
6934
5949
5421
569
6530
6191
439
9640
9574
673
5173
3862
2402
5519
4973
6971
507
4976
1893
398
8170
2609
4925
9312
4675
5422
3372
5272
400
1385
8949
2184
3386
1197
3653
3231
5364
8795
7308
1960
4116
9459
9478
4752
5246
768
805
1109
2942
1530
4093
6905
8402
2703
2827
2438
9618
1435
8739
3819
4973
5235
7093
2293
6993
1410
1466
3097
2582
1483
8273
3085
6360
9293
5921
7670
6496
7748
4458
6764
4142
5068
6044
5306
3124
7473
3731
3378
1954
7666
5982
3358
9033
5219
3146
5328
9166
226
5664
3226
8606
5729
4744
2458
3144
6306
7289
2189
2732
1713
6334
1013
9150
1899
1078
1109
4294
5180
7431
4793
119
8790
640
6594
1257
5341
5738
9295
2774
4352
2571
1879
5614
3234
7831
19
4600
7606
2738
4313
8469
2953
7783
8514
8962
1001
3918
333
1994
1124
2541
2685
2485
7627
5678
3997
8690
3973
2457
7636
3020
6080
1310
6036
5164
834
97
6524
6346
3197
3730
1933
8993
6481
8519
2633
7343
4284
8905
3911
8565
1901
216
7283
6833
7126
6348
2515
262
1551
7817
6133
6533
3910
8717
7668
8938
7796
3946
8681
3525
7948
1451
4845
4547
9677
7956
8845
5000
6935
762
7638
9739
6730
3660
8960
7167
2489
5821
3287
4474
9038
1583
7332
3315
1735
7838
4587
6477
1102
9526
4830
4842
1222
6993
206
7838
8657
6849
3073
6594
767
4327
6543
2592
8496
637
2646
8754
7163
2470
4766
3058
7783
4672
8247
1501
5446
6163
8382
2521
1346
5481
1919
1423
4671
9498
660
6679
6384
3794
8667
8624
9542
7761
2917
1320
2675
1760
6475
5102
845
9803
7659
7985
8382
8111
8417
3077
2439
4753
9761
5794
6629
5704
9248
8248
396
7736
6962
6163
1264
6636
5597
3926
2706
5679
7005
903
9751
3671
3378
456
9477
7103
6227
5277
3766
7696
2997
9711
1375
9803
5575
5644
7883
4341
1749
2280
4688
8031
2460
6916
4643
3185
1949
697
1095
211
1355
8465
3632
1528
1502
1523
2790
4487
9514
2153
8341
7239
6217
4143
6593
9686
3125
938
4071
3158
978
9539
7423
1973
7480
5599
8109
1447
9390
700
8343
6578
6881
2522
1665
150
3941
2835
996
1495
1635
5576
2413
3864
7152
6138
1025
8086
9918
2354
718
8094
4699
7918
9869
332
4615
7960
4980
2801
4580
9428
7928
256
7190
53
4431
1637
3625
4989
1875
8210
4834
6848
6323
4600
7630
5891
6468
718
7878
567
8180
881
9588
828
7199
9608
9471
7651
1578
9155
3746
4500
4957
7696
7308
4984
5246
8953
1184
2052
5112
1677
1468
1235
3387
1369
4342
1055
5052
1795
1251
9596
4189
7155
5361
3761
9416
7487
6772
9364
2837
6833
4014
480
9946
535
6087
9893
8498
4214
4317
9021
7030
508
1588
2710
5368
1873
8494
7569
2671
2313
5302
2406
3437
1385
1079
8162
636
1859
7449
4334
3910
7951
3307
3821
8292
3224
5852
7506
4990
6465
4723
331
8114
5474
3103
1966
9472
4275
4249
5998
8065
7139
6838
3546
2375
181
40
7266
6784
6872
1923
3559
2596
2178
5373
1518
6318
6984
2879
7985
1656
7932
6424
6530
8094
6532
2817
2237
5973
2371
3771
8841
3988
7574
2932
4042
112
4189
6985
7366
694
5252
1654
1617
2226
7868
7720
2600
6540
827
3363
5063
8146
3293
7295
4839
8416
2310
2061
6520
6556
2677
6472
2534
7566
1766
4999
3211
2636
1188
238
8337
3876
5064
4308
8338
5363
1699
1152
5086
6803
9717
7517
7288
2385
2007
9980
9630
3211
2251
2264
2723
3288
3885
8628
4890
3666
598
3777
1089
8671
9406
620
6072
4734
6283
596
6348
7164
2266
6809
4021
9702
8985
9968
1496
5832
4606
5203
7609
5764
8520
4981
1025
9119
5536
2483
9112
8405
619
6134
7648
9805
415
7189
4046
6150
8143
7544
6596
2113
7589
9143
5919
6569
347
176
587
8397
7463
4456
8590
782
2448
1993
9176
9955
689
9497
3253
1082
3257
6315
6284
3065
6699
6111
4087
5074
7241
9924
7871
7845
7529
6654
1459
928
9713
2803
8117
6018
564
6847
2593
4045
6152
3511
9179
3801
5363
8490
708
837
3779
4531
2328
9656
7863
9052
872
5926
7373
701
6991
462
3752
4786
114
1104
8349
7146
9897
4124
6603
2748
1717
437
1396
2676
8141
3237
9964
6986
1689
6202
8430
6355
7594
4254
7045
8354
6436
8708
8222
9623
4073
9630
6375
2935
339
412
9492
6540
525
6462
3886
1347
110
1371
2808
4643
644
6714
1120
4749
8441
2206
9549
7567
884
1406
7739
9027
2191
4722
3089
21
1857
2474
6395
5505
8855
7448
2905
458
5155
1822
5155
7960
4241
9522
9975
9257
2434
6030
8337
1463
4135
2131
501
8042
4540
8030
4460
229
5422
4147
3705
2811
4826
902
1143
8836
1028
6664
2049
3883
801
8574
221
7951
3025
3902
502
1833
8476
7075
2836
5661
104
6831
1418
5689
6004
2880
172
5322
7749
9339
2203
1406
5098
8661
1887
3125
3053
6337
5680
1137
41
9123
7216
7452
7315
4131
872
4008
3142
7710
2958
7793
8511
8694
7584
239
6369
6713
400
2488
6438
8367
6523
3826
6212
5357
807
2918
5223
470
6521
4272
6144
1233
4017
2835
5722
9510
7331
3513
2996
7154
9986
4552
1600
3163
266
7088
296
9421
2074
2849
263
7778
1213
3018
5579
6672
116
3548
7013
6204
6257
1469
6954
1020
2866
8616
2378
2826
9288
2257
7130
7781
9732
7334
5440
9506
2077
7474
6555
9743
9200
3739
2796
1960
1668
4379
7541
6962
5144
5195
4188
4341
8412
2555
187
1063
5177
9519
8456
8835
2622
3332
1036
1385
8872
5600
6594
8191
3964
5862
5359
8181
8788
5017
8488
1733
5525
536
1428
4409
2281
5592
5839
9847
3085
1023
2903
1944
3993
2044
87
2198
9143
1733
6270
9491
7170
1672
7883
8326
2013
6387
8199
5313
4300
6750
6063
2366
4787
7926
6589
6776
2634
3189
3442
7349
3225
2221
1570
4433
3110
7364
9100
9014
5016
9544
7988
6375
9990
8547
8830
6428
9649
6618
7177
3320
427
5488
7526
694
6051
3336
7012
546
6079
2487
7274
9316
8980
744
8064
3222
1028
1017
8394
3351
68
1058
9473
8009
4681
1030
7088
7012
3311
1202
1304
7373
2678
3778
4480
3553
7817
4947
9261
8908
7388
771
1882
3702
5601
5892
5316
8605
9799
2048
4725
1966
6736
727
1579
7244
78
5283
6308
739
2441
8237
3367
6710
7231
3560
5474
8020
1304
1578
5420
9465
3557
5243
3639
1697
2005
9847
4436
9688
2356
3661
2354
2941
9088
3626
1988
6805
1768
4416
8638
9099
3076
8351
6348
5445
5723
2934
7007
9314
9301
5490
3941
9039
4286
2389
52
8457
8420
386
3234
5564
3789
5893
580
7242
4311
6992
5745
4872
6701
3551
19
6658
4003
6525
4985
2255
1247
448
9211
5103
2164
8799
8204
9008
9884
3267
7381
2176
6449
5387
9876
2605
1112
6154
5792
2297
4026
4268
8311
9417
2737
4326
9286
5116
9083
7418
8788
2504
8206
6281
5323
2879
1849
2628
276
449
5970
9147
2031
1564
2817
9974
1580
5935
9672
8274
9977
1196
2909
226
7176
8651
3894
6295
2651
9643
384
747
1007
9235
4460
7431
6514
4679
8503
2581
8739
7238
2084
4959
4709
8944
9175
4630
5743
4453
1825
4815
2115
4873
7827
2248
8713
1300
2305
5064
7527
2453
3014
2996
9055
6614
5437
8845
9701
2986
6978
7767
763
7059
7910
4853
2828
2705
2761
1376
7873
6389
6599
3303
5907
2595
2530
7135
5470
9206
7751
844
7261
3101
3344
5400
3720
3987
9589
3967
8135
4108
368
2622
3794
3900
5164
160
8503
3490
7833
1847
5590
977
5390
2076
5916
5438
1083
1518
4922
8005
2955
214
6850
3447
2
4747
7934
7935
8649
9473
7421
5314
1699
7693
5002
1284
7226
4867
7498
7975
3243
8848
7682
5390
2299
180
1811
2671
2277
7655
9747
7431
1057
9132
3337
4632
4482
7618
5157
3181
2747
3063
7273
5919
895
3224
1416
6176
789
7156
6474
36
7268
3455
3689
5903
9425
401
8315
9225
2770
126
9420
6030
9661
3729
3543
6131
50
8385
8385
8531
8577
8966
4930
8487
7882
5348
3104
6196
1472
326
5770
9373
6680
5590
7726
665
7060
9993
552
4320
2966
9816
4280
7280
8947
6008
3647
2236
278
7131
4181
979
2414
1216
9833
7502
262
9541
5270
6563
1582
2365
4959
5895
1323
2044
7303
9409
2232
5487
5919
7529
6358
2296
6461
1055
8
2743
821
8727
6692
9317
2743
258
3478
8170
2676
5577
7015
1406
830
2371
9141
3276
2172
1429
9280
2419
6375
3945
5921
1542
2419
4103
5926
3635
4093
5679
9006
5745
6590
7913
9806
5490
9337
8724
270
200
3831
8891
7715
4596
4348
454
6217
921
3493
8140
8364
4287
5281
7365
8627
6596
8809
6926
5082
5069
8733
7910
2507
6026
3997
3989
7400
9095
6369
2749
4536
6990
853
5576
7756
5114
2116
2001
9468
1911
4239
5214
5618
8293
330
2139
8131
4428
1332
434
2837
505
4306
4438
5922
7702
5814
1104
5240
6087
1409
8384
4697
593
9714
7925
1814
8293
6297
7591
7299
1018
8541
5777
3959
6793
3911
685
323
9697
1321
216
1756
4907
6558
7812
2183
377
8190
8220
2320
887
3022
5010
7590
3491
7939
4836
2502
9448
9681
2030
163
6582
7172
4089
479
9870
6954
2960
7513
4937
6555
2819
5539
8904
1206
1044
6238
8310
8985
8575
7748
1434
6204
5015
8034
8089
9707
9851
2528
1672
1790
7016
5583
783
1783
8248
8238
3001
1928
5576
6280
7863
2798
9351
3981
4404
1774
5690
4363
5491
4378
6620
4730
7749
2095
2403
4833
9192
3678
366
424
9193
7494
9146
9035
8617
7515
6836
7959
4797
3717
1577
9156
1903
3431
9289
1215
1026
1529
5097
9299
2083
981
2520
772
7836
7179
7433
4599
7090
1841
9727
9649
5038
2379
7512
6027
8088
131
2128
4975
990
900
934
3969
8933
3849
7259
5789
9767
6061
1943
3849
1242
7166
1301
7830
8978
1348
1951
9305
9996
8504
1332
9504
747
8738
6630
851
48
3283
7936
2425
5794
4107
3460
2548
7933
7736
6387
5914
4902
6301
9174
1120
13
9898
8617
9493
3547
5453
8039
6121
5195
6533
2081
5769
6741
8447
6263
183
6549
6784
1449
1594
3962
7469
9607
8847
9499
7033
6245
5611
9348
6652
650
2414
9774
781
5752
6213
1148
5020
6550
1117
6961
9278
5944
5855
2847
918
6576
1596
9659
5821
3342
1206
4829
6205
163
3736
1683
4720
3027
4259
6500
4640
8841
1751
4290
7610
9476
5002
1625
2500
6127
7000
3076
1495
6895
2871
3134
2539
181
4085
7974
3070
7171
8320
5276
6497
3019
2850
6281
2239
4339
1511
8363
5531
6805
2509
3789
549
8323
6231
2645
1096
8456
125
1750
6899
3833
9476
1846
9298
8570
2694
3594
3512
9053
8317
3614
411
8581
4753
9153
3388
4184
3851
