140
9564
8501
2562
79
8713
7495
2762
8504
3716
2540
2448
4476
4104
3823
1284
6504
518
606
4352
606
3874
6296
3561
4275
8247
9813
223
6004
6090
6540
4943
8864
5996
7125
4871
8775
5400
3196
7305
1213
4189
286
8473
90
1814
676
6369
5361
1925
6121
2243
3467
1934
7081
3486
336
8959
5448
4058
6193
6141
108
2350
9620
5786
4391
5617
3293
947
7797
8301
7062
1398
5679
1951
2811
1505
1626
9243
9908
5460
5599
2365
6736
1336
1576
8298
650
5626
9267
3781
4331
2160
9718
13
1708
5324
7503
3812
7061
2958
4599
3706
4471
7459
6067
7832
5251
3964
3733
2520
1013
714
4518
2689
512
9556
4792
8529
3575
2411
1900
6324
1221
6293
2351
6449
8058
389
9521
7763
1667
8748
260
4292
7365
1689
1501
3573
6437
8492
6058
5419
6007
4664
7552
644
4673
4374
463
4711
9179
3398
2244
5514
3797
369
5196
9036
725
2410
784
6402
267
7650
3361
9743
4435
699
1249
3165
3911
7044
7196
5128
8814
2659
881
3177
325
2498
4673
9185
9896
5136
9794
603
2958
2327
4128
5924
3742
3262
8433
582
1537
5876
4035
2448
2117
9661
5685
6433
6347
8282
4943
4835
3647
4128
1614
5685
3538
587
7136
6385
3109
5724
1480
1004
4611
3213
1839
4827
8715
9237
3959
8051
5993
8342
3101
8921
5808
7380
2539
2088
6647
2144
8023
3216
9885
6739
9803
2012
7882
8870
8993
44
2867
6734
6507
7553
7625
5733
3277
5831
4255
6131
7912
9212
2855
1164
4163
2703
6680
5234
9352
644
6621
1499
4664
4243
525
5166
3116
4256
4658
679
7433
6166
6248
3690
4639
797
1461
4452
8030
2843
847
109
8037
5622
4686
3945
4265
294
2143
1693
1359
5545
6610
8095
8518
1153
4386
4791
3028
1768
3822
3762
6011
2915
4392
3845
5303
8516
6121
9310
8263
3642
1326
373
4581
3044
9876
2610
2100
2082
1916
6233
4501
6060
2106
5456
3318
7084
1200
9057
3800
5478
5298
3866
8027
3576
2630
626
4744
7692
2602
1590
2522
2106
1377
3154
5498
1706
1131
267
6534
7384
7728
8824
2110
3776
9081
2561
8522
825
7628
6224
8379
478
3698
2804
6541
8055
5302
2805
4805
982
380
642
8061
6446
5643
6677
8697
2878
9928
4152
6341
1642
4177
6000
1309
1818
4307
5287
7352
172
4265
9913
6146
5701
7074
9733
8389
5013
1548
2915
7059
6841
7971
2916
7011
8681
4800
5444
8789
1825
624
3180
8484
2333
6738
8964
4855
7662
6396
9574
4867
6617
6411
3503
4065
3727
6373
6782
3079
5111
2142
2270
9510
3190
8770
3649
3904
1
1765
9266
7219
9802
6869
9820
9367
4326
8216
7337
9984
5023
6296
9650
191
5077
4887
9270
2251
3231
7985
4518
7320
6639
1757
6188
4994
6628
5503
1804
2456
8425
1693
9843
6903
7818
9580
1756
3698
8407
7894
4002
5403
2049
9322
6095
801
5762
609
1378
5781
1305
9688
9727
1851
3347
527
1217
3914
6005
637
2939
991
469
7469
6444
5781
2280
8025
1392
5497
3862
6289
2883
6237
4938
1368
5440
7995
2981
2860
5368
9971
5970
9824
9390
7555
4517
5623
5264
7859
1533
9311
1936
778
520
8040
192
7456
4982
704
5147
3072
4213
1788
5120
3465
4331
3812
6778
1859
1491
9436
9739
5545
3838
8795
8055
4694
4539
9290
4332
2960
2049
9866
2592
4764
696
5890
4755
3580
5096
292
9779
6956
8906
59
3582
4021
7962
8020
6257
5515
1534
6965
2271
922
8912
2974
7614
8712
9319
1499
5804
3190
9428
4179
719
2056
9224
4656
4569
2383
4579
4603
2954
48
3431
9123
7663
9971
6891
2314
2361
9817
5211
8509
3721
1562
3021
9997
8727
1051
2191
4590
2785
1641
6699
3020
9632
5380
5660
1285
535
3531
7323
5384
9093
2608
6466
7063
890
3767
7297
3003
5301
7328
3295
5797
28
4799
5368
8348
53
1012
181
2408
4193
4444
8842
8266
6329
1700
3816
2934
3120
8197
1859
2190
7575
5680
4509
9052
2448
5286
7505
587
843
5797
1484
1587
9196
7947
6550
9151
8317
9912
3551
8717
2255
6324
7156
7553
1932
1226
9632
2054
4008
2624
3087
3154
9862
5844
7054
3493
3415
8708
3390
958
1069
1866
1704
9354
205
5554
9930
4954
3347
4522
5695
6591
6559
1493
7261
2133
3774
3115
5816
9737
436
6209
8628
8121
9108
3808
7624
7350
9618
6469
8077
4488
3103
629
8373
9455
3892
5466
4649
5441
7594
9038
1595
2373
1062
3474
2554
9882
5266
7916
5204
1972
6310
2956
1366
7733
7622
9737
2510
5188
7301
8588
1778
1997
6663
1768
2297
5333
5988
1189
583
9063
4408
8344
5942
1664
8583
5680
4815
564
2942
4816
9816
4027
1557
5556
4856
7723
6816
8898
8086
8338
2725
7310
2400
3073
4967
2489
3303
6192
4705
4967
2230
8898
1471
8732
3332
7062
9078
99
5807
838
7636
5515
521
1392
2706
6622
1279
6319
6070
4862
3107
9541
4692
6046
4411
8567
6373
8795
1314
5253
1424
3510
1725
2660
1364
9919
840
7930
2696
254
623
6118
9193
2209
1577
5337
771
7950
6718
9557
4907
5731
537
1360
9000
8354
2120
1797
2882
8146
9824
6231
1459
4420
9134
9651
4459
9235
4552
3793
2143
8758
946
4742
3553
1126
125
6650
9547
1399
3706
3489
3956
5333
1660
4664
5941
9323
6618
5805
3157
5059
6980
9867
1456
4341
7165
7265
7175
1454
1175
5182
657
9951
189
2780
2288
4766
8921
4118
7550
7934
22
4166
8533
6374
3231
2639
2430
5120
9974
3796
3217
656
1649
2452
6987
8751
463
9027
686
3619
7257
9046
9282
4428
9491
7498
6537
6990
2129
5793
7552
38
5703
5466
8178
8571
2456
2172
3543
5059
3904
2927
7993
1647
9933
3463
6647
7108
6728
429
4162
6454
7010
8780
5284
4194
4521
8629
1505
6809
4362
9328
7174
7701
1840
2927
6926
9801
8650
5344
1380
2649
283
1264
9762
4194
3003
6007
951
5064
4059
8867
232
7003
694
6244
7997
4981
6914
8433
9820
6787
9126
758
9651
3309
9350
8955
4254
9395
1785
9122
4281
6469
8844
5404
4592
7087
5391
9208
2322
6624
5661
569
387
2566
9593
9219
2144
1208
2867
6722
4638
4736
522
4119
9436
1874
4940
4160
8391
6221
5017
6099
7963
956
4006
4903
1206
6281
5421
7055
2569
6064
5361
9859
6377
5740
2495
7196
4130
7984
4480
220
3370
7316
2587
7624
8787
7465
5287
4532
426
6203
9502
5321
3229
6082
1597
4533
6922
6853
4457
1759
530
9804
7659
7989
5068
2640
4300
8148
7574
3041
9196
5939
6694
2339
7291
9852
6494
2262
5706
3801
6206
2993
8732
8631
5732
3291
4711
7129
5054
6325
9927
4652
3552
5335
9537
1730
9297
341
4244
798
864
3950
9291
7947
884
6626
9248
3320
8528
7229
6090
9060
1717
7827
6919
3442
7714
3978
389
5081
343
4591
9995
7947
8311
8214
5972
2352
6780
9393
6251
7054
3140
5148
9458
983
4361
2563
12
4543
7998
6353
6747
7801
1797
8070
2307
221
861
2467
862
3352
7737
1429
4713
6607
9948
1644
4395
1649
9600
9192
2549
9001
406
1311
2549
2749
4168
1164
7333
8646
8107
1559
4336
1852
5856
5069
1957
8157
3960
8700
195
2089
2711
9805
1525
2157
530
1423
6487
5658
4339
1948
8598
1458
75
5002
2599
1407
183
5584
1165
4112
5227
7538
8526
8272
6106
8684
383
4
2488
3655
907
6993
8599
6762
6435
5656
1373
9696
6223
9888
3847
6002
5618
8286
3878
5138
4124
9874
8312
2083
3818
1265
5794
8327
6040
5259
9161
8551
8854
7129
2064
9081
3288
7637
7339
4561
215
9781
4562
9622
1605
6005
3185
4079
9150
8720
7324
794
9641
9787
608
7801
382
9006
5333
9898
962
2304
8239
3778
8542
2654
7604
9829
1038
8007
888
5892
8773
1143
7507
1667
877
3566
1796
2646
7916
4748
8464
6647
8050
2380
595
6919
3423
9738
8470
9215
8658
9010
641
4785
2443
7511
9864
4272
7858
3116
3217
7448
4657
5234
6710
8796
9612
1439
4438
9867
9537
5815
6854
6461
3818
6218
3876
1743
656
3626
5548
3897
8777
2631
9475
57
3042
6616
9569
5438
4807
7016
7564
274
2847
8907
9967
7076
501
9676
4569
194
321
4564
4530
2800
7158
1017
6536
4071
404
6449
8584
5389
3645
8977
2409
2204
5093
9574
6098
1986
1330
6879
6155
4005
4035
9125
5072
576
1325
1080
8514
1071
1777
2616
4472
9379
9593
3725
708
4178
177
3011
64
286
3970
7333
1974
2592
505
8805
7535
3681
8119
245
8707
8709
3954
9253
623
7092
1032
3353
1013
1814
9443
86
2845
5867
3096
2457
4281
1844
2074
9813
4727
6801
2635
3335
6543
808
99
1383
3388
1167
6217
1981
6232
2502
6670
3502
2367
9236
7641
2562
1542
12
2093
6083
612
1803
9206
1875
9550
545
7666
2202
9713
7626
2989
8683
5560
808
8533
6418
6782
5647
1613
2653
9021
9468
156
3252
9893
691
5205
2726
4040
4692
5009
7537
2578
6616
4552
3710
3414
974
6063
9975
2179
1580
4524
453
37
1908
453
6138
4040
9350
5254
8360
5352
652
7712
4492
3331
7014
4351
1323
9856
2417
6468
9831
5673
4982
3522
7661
4500
1245
1444
3807
8912
7069
1035
5609
2714
9153
869
9810
2670
9416
2072
9281
9899
3464
6255
7945
8639
784
123
5363
2466
3801
9115
342
5743
5705
7334
8518
9277
7380
5669
1894
8012
7150
766
4987
6186
8657
2171
4078
1333
1752
968
8749
9227
8758
2219
9376
1133
230
5167
2579
2706
1184
889
7445
8039
2292
8507
6347
7781
598
7526
2017
5275
8998
9162
7070
7178
1258
7129
3427
96
3723
154
6561
1451
7257
9738
820
9231
7740
4796
351
115
3896
7329
7829
8918
3275
771
9137
1855
3815
7995
6515
754
4151
7938
8536
5006
6671
4069
4356
6195
8564
6161
3631
5809
6357
1966
3753
4827
4549
7417
683
4107
9286
6009
1164
2191
708
738
524
4081
9547
4984
9169
7444
7749
6891
2699
1722
548
2497
3206
5618
4297
1858
5484
1807
750
4685
5076
1972
4502
2231
8459
9356
3215
8819
7549
1270
6641
8669
4432
3677
5254
5713
2030
21
9382
2969
7565
2801
8269
1027
8764
7490
3163
3536
4380
42
7193
9401
6792
7599
211
6893
5619
6426
774
2741
5133
9487
9415
5576
8321
5800
1853
5050
2526
5706
5612
5599
1648
8568
1759
8334
5690
7798
7585
4432
4739
7318
264
5896
6746
3390
2879
2444
7799
7563
1887
9282
4047
8095
9001
7542
5363
7813
4258
8791
3222
4357
4251
1170
5881
4403
5740
1941
2725
6050
285
8006
37
470
5921
2636
7517
503
9119
3611
2298
4066
910
1581
1448
1625
3916
2732
5098
9082
8619
7356
6313
9757
1129
8357
7756
7094
8778
7342
7249
2091
6212
2373
4757
5568
8871
6507
7317
6382
4135
28
5810
3426
2871
2892
8411
1617
6244
2093
7609
313
3595
5373
9964
931
3192
5180
6141
7269
4700
9404
848
4084
3354
3553
3225
4870
9374
3112
4583
4421
1898
8355
769
8864
4527
2722
9692
2427
4708
9918
6182
71
9958
5326
4786
1149
4924
685
5632
4323
3398
9651
8664
5713
4402
3391
6323
5517
2234
3814
4439
5730
2509
7093
7693
1455
2184
9763
6160
8108
3841
3506
5235
24
7072
4388
1216
9662
3931
8345
8745
6485
124
7590
7853
1846
5425
4658
505
2329
2383
5931
743
1032
2212
9446
9096
7365
9752
1667
4810
5831
9567
8350
5926
5471
398
9777
5272
2874
3479
1271
6828
9855
4162
6155
1586
7064
8090
7055
93
8685
9010
7898
2717
2779
2226
7257
8327
3892
2610
3365
4974
3217
7233
5813
8785
2850
3986
5546
2513
7445
7732
7368
1516
6101
6941
2005
9595
7114
1858
1338
116
702
4517
1238
4445
6592
7532
3810
9982
6289
890
351
3057
3964
7692
108
7673
6035
2370
8835
4828
6340
5831
3603
5855
5482
7759
9128
3180
6064
1229
2582
2434
9360
8382
9269
9898
7370
7301
4054
9825
4208
1156
5220
7111
94
7844
7766
9826
9751
4481
1073
9088
3290
3252
218
9479
2308
7886
7304
5003
9087
1326
2392
8747
519
9488
9082
9768
2029
9747
4633
7236
7973
8564
2696
754
9786
8284
872
3696
7186
739
2422
7806
7372
127
2161
890
1941
9693
1033
8873
9049
5835
1187
1363
8423
4175
3785
5836
2446
2264
5806
2571
8131
4591
6031
2601
7365
6233
1973
8167
3767
5820
8343
2476
8828
3195
6013
7306
7538
5920
9807
8796
6980
2197
4972
5566
6963
5599
1670
8905
7599
5048
4250
1514
3072
9832
3901
8413
8753
1102
8162
635
2444
1760
7641
5277
3120
253
9521
6204
4814
9387
6958
3415
6340
2947
1110
9616
9968
7861
5765
7795
8759
9192
1264
2708
2622
8722
7606
6196
6372
1697
5891
928
7011
5924
5326
9926
2571
6345
6642
2676
1823
6611
794
2543
2107
4295
9653
9053
1954
5091
1946
271
1159
12
7269
8607
5121
1091
9710
4018
8690
1460
491
5849
6816
2954
2380
7130
834
3394
3428
7398
2295
7146
663
1799
9903
8966
847
5112
4253
1663
6617
3953
8596
3912
8188
3245
7775
5759
1225
6985
7325
891
1838
4284
1401
5112
453
8366
4952
6045
234
5142
6827
3318
5305
3796
996
2643
9126
1911
8901
60
4838
1051
8291
2367
2586
2419
5066
8136
8348
2624
1515
9771
3777
9147
1104
6721
639
9669
9297
2013
3016
8360
1966
4730
9781
3912
5452
8435
6942
4092
605
3518
7893
8628
6776
4854
9874
9718
2215
819
5977
7976
4719
5608
8872
2604
1131
7817
3532
1043
7105
5815
4596
4015
918
458
2797
7082
6589
9290
492
8780
4714
921
2250
1597
2405
6192
9145
9672
6698
8181
2549
8759
1294
5670
1382
4609
8060
1093
5250
5885
5773
5119
4063
7377
5797
7786
38
6460
3690
9499
4451
2460
6784
2818
7145
6796
3488
2834
7314
1230
3991
6657
8948
5777
2602
4168
2864
127
631
2503
1092
6022
5975
601
2511
8113
5024
3215
3172
3106
2247
7803
5784
8510
4627
3211
9782
7092
2092
6272
4370
3756
3953
9979
3323
553
9545
7619
5993
1434
1218
7877
9621
5826
2918
4776
5144
1458
2395
7307
4988
7552
713
4862
1150
6151
70
3546
1989
6554
4413
2686
7677
2534
6974
103
4444
8355
7231
1834
1958
8278
7919
4257
4523
9238
3979
5153
9709
2761
346
9924
1968
9675
2067
9751
7034
859
5086
4226
2603
7425
1288
3359
9046
4911
9936
8489
2860
3012
3358
3315
7834
7591
4643
8881
6745
4102
4844
8247
7539
9674
8416
1181
5701
9511
8249
8123
2528
2541
1151
87
3194
8158
8096
9448
7217
541
6284
1317
6000
5599
5100
5919
8474
8353
6274
8424
898
6581
4044
1567
9277
5018
4274
7258
1856
6374
2111
8318
6723
8835
9453
1645
7639
9732
3865
3052
6627
1315
6981
4112
1066
7624
7932
1125
4729
7895
2768
8587
6412
8423
3967
925
4976
7419
756
1119
5971
9870
5882
6563
3224
1696
7036
296
5974
9255
7879
2640
9824
6340
4625
3005
3775
9844
6482
1671
7132
527
4816
3132
2938
2416
6634
9492
2399
1554
3578
9840
6948
8259
7149
6479
2914
9927
4607
9292
3036
92
1967
5592
1707
5669
7506
8239
5700
7462
6515
4202
3078
2187
72
5840
3344
6229
1600
8409
7119
4402
6136
497
1941
2360
1356
7542
8437
8654
6763
4078
5851
214
3812
4279
3641
1771
7773
7836
2043
19
1634
2721
540
5665
7418
4748
8946
9850
2965
3728
820
2049
1201
9959
5180
4113
5468
1627
3287
5671
2932
2993
7704
5194
2426
5618
7629
9880
4949
9848
8026
8606
8419
7265
1505
8067
1802
4707
5284
7762
9453
9500
321
8850
7002
1349
75
6083
1792
3923
2601
4743
9790
7337
9064
4011
2758
3213
1308
5969
5440
2197
2052
2236
7099
7982
6538
8038
7934
3177
9066
2017
4669
5315
2234
2552
6679
7247
9848
2913
4732
4625
9394
7539
8044
1802
4365
8558
4219
5675
6649
5354
6448
984
1132
7071
9837
4427
3659
7118
1016
4338
248
5452
168
5510
1044
6377
1052
4025
5909
1024
8645
5947
9907
7101
5283
9672
1069
4197
5773
6721
6649
1879
4938
2726
9448
7518
5501
270
9159
7071
8110
898
5282
5926
8018
12
931
7047
300
6567
3000
2963
2269
8963
2515
4554
2247
9335
7274
9431
5760
3203
3967
3964
5602
4242
6458
3818
4623
4152
8275
1357
9233
7998
9148
3283
6048
5079
1146
1543
8956
1421
2900
6350
5210
6717
1155
4509
572
6508
666
6613
7337
3972
9440
1101
7516
4592
3560
4218
4616
432
9554
940
984
4680
2202
5576
820
7563
6765
8990
3456
3984
9612
3830
8159
6222
1498
5596
3142
9530
735
5429
539
8569
7007
6525
619
8308
4885
1743
5994
1608
8264
4928
5302
5702
3920
5304
9653
8958
1362
3022
9356
466
9350
3151
7057
7658
9754
9690
1320
4021
6671
3771
9962
5798
1217
9394
5604
5266
2997
1215
5340
5092
9722
2029
9806
4555
7938
8568
8468
3890
2218
8348
1924
4713
3749
6363
4643
5173
3271
4379
6551
5201
1357
3258
3531
4830
9386
2062
7963
6319
1435
8861
5487
8154
844
6838
5173
3179
212
5051
9767
3003
7467
4268
7467
1816
845
5504
5001
8530
8502
3314
3559
7682
1980
1094
656
1734
924
6999
9220
157
9453
5806
7993
4364
1617
1409
4079
1946
1306
101
5361
6639
4953
8609
7094
8211
913
1042
6439
2710
2379
6148
4956
7516
6626
4932
4064
9346
254
3391
2323
9586
7246
1589
6477
9166
7502
5424
1647
7277
5448
347
1110
191
1943
4161
3785
6815
9127
5044
2770
2004
2009
7174
4873
1715
7602
8535
6540
9861
5250
555
1387
2673
8786
